    1: 0 00 000 0000 00000 000000
    2: 0 00 000 0000 00000 000001
    3: 0 00 000 0000 00000 000011
    4: 0 00 000 0000 00000 000111
    5: 0 00 000 0000 00000 001111
    6: 0 00 000 0000 00000 011111
    7: 0 00 000 0000 00000 111111
    8: 0 00 000 0000 00001 000011
    9: 0 00 000 0000 00001 000100
   10: 0 00 000 0000 00001 000101
   11: 0 00 000 0000 00001 000111
   12: 0 00 000 0000 00001 001100
   13: 0 00 000 0000 00001 001101
   14: 0 00 000 0000 00001 001111
   15: 0 00 000 0000 00001 011100
   16: 0 00 000 0000 00001 011101
   17: 0 00 000 0000 00001 011111
   18: 0 00 000 0000 00001 111100
   19: 0 00 000 0000 00001 111101
   20: 0 00 000 0000 00001 111111
   21: 0 00 000 0000 00011 000110
   22: 0 00 000 0000 00011 000111
   23: 0 00 000 0000 00011 001010
   24: 0 00 000 0000 00011 001011
   25: 0 00 000 0000 00011 001110
   26: 0 00 000 0000 00011 001111
   27: 0 00 000 0000 00011 011000
   28: 0 00 000 0000 00011 011001
   29: 0 00 000 0000 00011 011010
   30: 0 00 000 0000 00011 011011
   31: 0 00 000 0000 00011 011110
   32: 0 00 000 0000 00011 011111
   33: 0 00 000 0000 00011 111000
   34: 0 00 000 0000 00011 111001
   35: 0 00 000 0000 00011 111010
   36: 0 00 000 0000 00011 111011
   37: 0 00 000 0000 00011 111110
   38: 0 00 000 0000 00011 111111
   39: 0 00 000 0000 00111 001110
   40: 0 00 000 0000 00111 001111
   41: 0 00 000 0000 00111 010110
   42: 0 00 000 0000 00111 010111
   43: 0 00 000 0000 00111 011110
   44: 0 00 000 0000 00111 011111
   45: 0 00 000 0000 00111 110010
   46: 0 00 000 0000 00111 110011
   47: 0 00 000 0000 00111 110110
   48: 0 00 000 0000 00111 110111
   49: 0 00 000 0000 00111 111110
   50: 0 00 000 0000 00111 111111
   51: 0 00 000 0000 01111 011110
   52: 0 00 000 0000 01111 011111
   53: 0 00 000 0000 01111 101110
   54: 0 00 000 0000 01111 101111
   55: 0 00 000 0000 01111 111110
   56: 0 00 000 0000 01111 111111
   57: 0 00 000 0000 11111 111110
   58: 0 00 000 0000 11111 111111
   59: 0 00 000 0001 00011 000111
   60: 0 00 000 0001 00011 001000
   61: 0 00 000 0001 00011 001001
   62: 0 00 000 0001 00011 001011
   63: 0 00 000 0001 00011 001111
   64: 0 00 000 0001 00011 011000
   65: 0 00 000 0001 00011 011001
   66: 0 00 000 0001 00011 011011
   67: 0 00 000 0001 00011 011111
   68: 0 00 000 0001 00011 111000
   69: 0 00 000 0001 00011 111001
   70: 0 00 000 0001 00011 111011
   71: 0 00 000 0001 00011 111111
   72: 0 00 000 0001 00100 001111
   73: 0 00 000 0001 00100 010000
   74: 0 00 000 0001 00100 010001
   75: 0 00 000 0001 00100 010011
   76: 0 00 000 0001 00100 010110
   77: 0 00 000 0001 00100 010111
   78: 0 00 000 0001 00100 011111
   79: 0 00 000 0001 00100 110000
   80: 0 00 000 0001 00100 110001
   81: 0 00 000 0001 00100 110011
   82: 0 00 000 0001 00100 110110
   83: 0 00 000 0001 00100 110111
   84: 0 00 000 0001 00100 111111
   85: 0 00 000 0001 00101 001100
   86: 0 00 000 0001 00101 001101
   87: 0 00 000 0001 00101 001111
   88: 0 00 000 0001 00101 010011
   89: 0 00 000 0001 00101 010100
   90: 0 00 000 0001 00101 010101
   91: 0 00 000 0001 00101 010110
   92: 0 00 000 0001 00101 010111
   93: 0 00 000 0001 00101 011100
   94: 0 00 000 0001 00101 011101
   95: 0 00 000 0001 00101 011111
   96: 0 00 000 0001 00101 110000
   97: 0 00 000 0001 00101 110001
   98: 0 00 000 0001 00101 110011
   99: 0 00 000 0001 00101 110100
  100: 0 00 000 0001 00101 110101
  101: 0 00 000 0001 00101 110110
  102: 0 00 000 0001 00101 110111
  103: 0 00 000 0001 00101 111100
  104: 0 00 000 0001 00101 111101
  105: 0 00 000 0001 00101 111111
  106: 0 00 000 0001 00111 001110
  107: 0 00 000 0001 00111 001111
  108: 0 00 000 0001 00111 010110
  109: 0 00 000 0001 00111 010111
  110: 0 00 000 0001 00111 011000
  111: 0 00 000 0001 00111 011001
  112: 0 00 000 0001 00111 011010
  113: 0 00 000 0001 00111 011011
  114: 0 00 000 0001 00111 011110
  115: 0 00 000 0001 00111 011111
  116: 0 00 000 0001 00111 110000
  117: 0 00 000 0001 00111 110001
  118: 0 00 000 0001 00111 110010
  119: 0 00 000 0001 00111 110011
  120: 0 00 000 0001 00111 110110
  121: 0 00 000 0001 00111 110111
  122: 0 00 000 0001 00111 111000
  123: 0 00 000 0001 00111 111001
  124: 0 00 000 0001 00111 111010
  125: 0 00 000 0001 00111 111011
  126: 0 00 000 0001 00111 111110
  127: 0 00 000 0001 00111 111111
  128: 0 00 000 0001 01100 011000
  129: 0 00 000 0001 01100 011001
  130: 0 00 000 0001 01100 011010
  131: 0 00 000 0001 01100 011011
  132: 0 00 000 0001 01100 011110
  133: 0 00 000 0001 01100 011111
  134: 0 00 000 0001 01100 101000
  135: 0 00 000 0001 01100 101001
  136: 0 00 000 0001 01100 101010
  137: 0 00 000 0001 01100 101011
  138: 0 00 000 0001 01100 101110
  139: 0 00 000 0001 01100 101111
  140: 0 00 000 0001 01100 111000
  141: 0 00 000 0001 01100 111001
  142: 0 00 000 0001 01100 111010
  143: 0 00 000 0001 01100 111011
  144: 0 00 000 0001 01100 111110
  145: 0 00 000 0001 01100 111111
  146: 0 00 000 0001 01101 011010
  147: 0 00 000 0001 01101 011011
  148: 0 00 000 0001 01101 011100
  149: 0 00 000 0001 01101 011101
  150: 0 00 000 0001 01101 011110
  151: 0 00 000 0001 01101 011111
  152: 0 00 000 0001 01101 101010
  153: 0 00 000 0001 01101 101011
  154: 0 00 000 0001 01101 101100
  155: 0 00 000 0001 01101 101101
  156: 0 00 000 0001 01101 101110
  157: 0 00 000 0001 01101 101111
  158: 0 00 000 0001 01101 111000
  159: 0 00 000 0001 01101 111001
  160: 0 00 000 0001 01101 111010
  161: 0 00 000 0001 01101 111011
  162: 0 00 000 0001 01101 111100
  163: 0 00 000 0001 01101 111101
  164: 0 00 000 0001 01101 111110
  165: 0 00 000 0001 01101 111111
  166: 0 00 000 0001 01111 011110
  167: 0 00 000 0001 01111 011111
  168: 0 00 000 0001 01111 101110
  169: 0 00 000 0001 01111 101111
  170: 0 00 000 0001 01111 111000
  171: 0 00 000 0001 01111 111001
  172: 0 00 000 0001 01111 111010
  173: 0 00 000 0001 01111 111011
  174: 0 00 000 0001 01111 111110
  175: 0 00 000 0001 01111 111111
  176: 0 00 000 0001 11100 111000
  177: 0 00 000 0001 11100 111001
  178: 0 00 000 0001 11100 111010
  179: 0 00 000 0001 11100 111011
  180: 0 00 000 0001 11100 111110
  181: 0 00 000 0001 11100 111111
  182: 0 00 000 0001 11101 111010
  183: 0 00 000 0001 11101 111011
  184: 0 00 000 0001 11101 111100
  185: 0 00 000 0001 11101 111101
  186: 0 00 000 0001 11101 111110
  187: 0 00 000 0001 11101 111111
  188: 0 00 000 0001 11111 111110
  189: 0 00 000 0001 11111 111111
  190: 0 00 000 0011 00110 001111
  191: 0 00 000 0011 00110 010101
  192: 0 00 000 0011 00110 010111
  193: 0 00 000 0011 00110 011111
  194: 0 00 000 0011 00110 110000
  195: 0 00 000 0011 00110 110001
  196: 0 00 000 0011 00110 110011
  197: 0 00 000 0011 00110 110101
  198: 0 00 000 0011 00110 110111
  199: 0 00 000 0011 00110 111111
  200: 0 00 000 0011 00111 001111
  201: 0 00 000 0011 00111 010100
  202: 0 00 000 0011 00111 010101
  203: 0 00 000 0011 00111 010111
  204: 0 00 000 0011 00111 011100
  205: 0 00 000 0011 00111 011101
  206: 0 00 000 0011 00111 011111
  207: 0 00 000 0011 00111 110000
  208: 0 00 000 0011 00111 110001
  209: 0 00 000 0011 00111 110011
  210: 0 00 000 0011 00111 110100
  211: 0 00 000 0011 00111 110101
  212: 0 00 000 0011 00111 110111
  213: 0 00 000 0011 00111 111100
  214: 0 00 000 0011 00111 111101
  215: 0 00 000 0011 00111 111111
  216: 0 00 000 0011 01010 011000
  217: 0 00 000 0011 01010 011001
  218: 0 00 000 0011 01010 011011
  219: 0 00 000 0011 01010 011100
  220: 0 00 000 0011 01010 011101
  221: 0 00 000 0011 01010 011111
  222: 0 00 000 0011 01010 100100
  223: 0 00 000 0011 01010 100101
  224: 0 00 000 0011 01010 100111
  225: 0 00 000 0011 01010 101000
  226: 0 00 000 0011 01010 101001
  227: 0 00 000 0011 01010 101010
  228: 0 00 000 0011 01010 101011
  229: 0 00 000 0011 01010 101100
  230: 0 00 000 0011 01010 101101
  231: 0 00 000 0011 01010 101110
  232: 0 00 000 0011 01010 101111
  233: 0 00 000 0011 01010 111000
  234: 0 00 000 0011 01010 111001
  235: 0 00 000 0011 01010 111011
  236: 0 00 000 0011 01010 111100
  237: 0 00 000 0011 01010 111101
  238: 0 00 000 0011 01010 111111
  239: 0 00 000 0011 01011 011011
  240: 0 00 000 0011 01011 011100
  241: 0 00 000 0011 01011 011101
  242: 0 00 000 0011 01011 011111
  243: 0 00 000 0011 01011 100111
  244: 0 00 000 0011 01011 101010
  245: 0 00 000 0011 01011 101011
  246: 0 00 000 0011 01011 101100
  247: 0 00 000 0011 01011 101101
  248: 0 00 000 0011 01011 101110
  249: 0 00 000 0011 01011 101111
  250: 0 00 000 0011 01011 111000
  251: 0 00 000 0011 01011 111001
  252: 0 00 000 0011 01011 111011
  253: 0 00 000 0011 01011 111100
  254: 0 00 000 0011 01011 111101
  255: 0 00 000 0011 01011 111111
  256: 0 00 000 0011 01110 011100
  257: 0 00 000 0011 01110 011101
  258: 0 00 000 0011 01110 011110
  259: 0 00 000 0011 01110 011111
  260: 0 00 000 0011 01110 101100
  261: 0 00 000 0011 01110 101101
  262: 0 00 000 0011 01110 101110
  263: 0 00 000 0011 01110 101111
  264: 0 00 000 0011 01110 110000
  265: 0 00 000 0011 01110 110001
  266: 0 00 000 0011 01110 110010
  267: 0 00 000 0011 01110 110011
  268: 0 00 000 0011 01110 110100
  269: 0 00 000 0011 01110 110101
  270: 0 00 000 0011 01110 110110
  271: 0 00 000 0011 01110 110111
  272: 0 00 000 0011 01110 111100
  273: 0 00 000 0011 01110 111101
  274: 0 00 000 0011 01110 111110
  275: 0 00 000 0011 01110 111111
  276: 0 00 000 0011 01111 011110
  277: 0 00 000 0011 01111 011111
  278: 0 00 000 0011 01111 101110
  279: 0 00 000 0011 01111 101111
  280: 0 00 000 0011 01111 110000
  281: 0 00 000 0011 01111 110001
  282: 0 00 000 0011 01111 110010
  283: 0 00 000 0011 01111 110011
  284: 0 00 000 0011 01111 110100
  285: 0 00 000 0011 01111 110101
  286: 0 00 000 0011 01111 110110
  287: 0 00 000 0011 01111 110111
  288: 0 00 000 0011 01111 111100
  289: 0 00 000 0011 01111 111101
  290: 0 00 000 0011 01111 111110
  291: 0 00 000 0011 01111 111111
  292: 0 00 000 0011 11000 111100
  293: 0 00 000 0011 11000 111101
  294: 0 00 000 0011 11000 111111
  295: 0 00 000 0011 11001 111100
  296: 0 00 000 0011 11001 111101
  297: 0 00 000 0011 11001 111111
  298: 0 00 000 0011 11010 110100
  299: 0 00 000 0011 11010 110101
  300: 0 00 000 0011 11010 110110
  301: 0 00 000 0011 11010 110111
  302: 0 00 000 0011 11010 111000
  303: 0 00 000 0011 11010 111001
  304: 0 00 000 0011 11010 111010
  305: 0 00 000 0011 11010 111011
  306: 0 00 000 0011 11010 111100
  307: 0 00 000 0011 11010 111101
  308: 0 00 000 0011 11010 111110
  309: 0 00 000 0011 11010 111111
  310: 0 00 000 0011 11011 110110
  311: 0 00 000 0011 11011 110111
  312: 0 00 000 0011 11011 111010
  313: 0 00 000 0011 11011 111011
  314: 0 00 000 0011 11011 111100
  315: 0 00 000 0011 11011 111101
  316: 0 00 000 0011 11011 111110
  317: 0 00 000 0011 11011 111111
  318: 0 00 000 0011 11110 111100
  319: 0 00 000 0011 11110 111101
  320: 0 00 000 0011 11110 111110
  321: 0 00 000 0011 11110 111111
  322: 0 00 000 0011 11111 111110
  323: 0 00 000 0011 11111 111111
  324: 0 00 000 0111 01110 011100
  325: 0 00 000 0111 01110 011101
  326: 0 00 000 0111 01110 011111
  327: 0 00 000 0111 01110 101100
  328: 0 00 000 0111 01110 101101
  329: 0 00 000 0111 01110 101111
  330: 0 00 000 0111 01110 111100
  331: 0 00 000 0111 01110 111101
  332: 0 00 000 0111 01110 111111
  333: 0 00 000 0111 01111 011111
  334: 0 00 000 0111 01111 101100
  335: 0 00 000 0111 01111 101101
  336: 0 00 000 0111 01111 101111
  337: 0 00 000 0111 01111 111100
  338: 0 00 000 0111 01111 111101
  339: 0 00 000 0111 01111 111111
  340: 0 00 000 0111 10110 110100
  341: 0 00 000 0111 10110 110101
  342: 0 00 000 0111 10110 110111
  343: 0 00 000 0111 10110 111100
  344: 0 00 000 0111 10110 111101
  345: 0 00 000 0111 10110 111111
  346: 0 00 000 0111 10111 110111
  347: 0 00 000 0111 10111 111100
  348: 0 00 000 0111 10111 111101
  349: 0 00 000 0111 10111 111111
  350: 0 00 000 0111 11110 111100
  351: 0 00 000 0111 11110 111101
  352: 0 00 000 0111 11110 111110
  353: 0 00 000 0111 11110 111111
  354: 0 00 000 0111 11111 111110
  355: 0 00 000 0111 11111 111111
  356: 0 00 000 1111 11110 111100
  357: 0 00 000 1111 11110 111101
  358: 0 00 000 1111 11110 111111
  359: 0 00 000 1111 11111 111111
  360: 0 00 001 0011 00111 001111
  361: 0 00 001 0011 00111 010000
  362: 0 00 001 0011 00111 010001
  363: 0 00 001 0011 00111 010011
  364: 0 00 001 0011 00111 010111
  365: 0 00 001 0011 00111 011111
  366: 0 00 001 0011 00111 110000
  367: 0 00 001 0011 00111 110001
  368: 0 00 001 0011 00111 110011
  369: 0 00 001 0011 00111 110111
  370: 0 00 001 0011 00111 111111
  371: 0 00 001 0011 01000 010001
  372: 0 00 001 0011 01000 010011
  373: 0 00 001 0011 01000 010111
  374: 0 00 001 0011 01000 011111
  375: 0 00 001 0011 01000 100000
  376: 0 00 001 0011 01000 100001
  377: 0 00 001 0011 01000 100010
  378: 0 00 001 0011 01000 100011
  379: 0 00 001 0011 01000 100110
  380: 0 00 001 0011 01000 100111
  381: 0 00 001 0011 01000 101110
  382: 0 00 001 0011 01000 101111
  383: 0 00 001 0011 01000 110001
  384: 0 00 001 0011 01000 110011
  385: 0 00 001 0011 01000 110111
  386: 0 00 001 0011 01000 111111
  387: 0 00 001 0011 01001 010101
  388: 0 00 001 0011 01001 010111
  389: 0 00 001 0011 01001 011100
  390: 0 00 001 0011 01001 011101
  391: 0 00 001 0011 01001 011110
  392: 0 00 001 0011 01001 011111
  393: 0 00 001 0011 01001 100010
  394: 0 00 001 0011 01001 100011
  395: 0 00 001 0011 01001 100100
  396: 0 00 001 0011 01001 100101
  397: 0 00 001 0011 01001 100110
  398: 0 00 001 0011 01001 100111
  399: 0 00 001 0011 01001 101100
  400: 0 00 001 0011 01001 101101
  401: 0 00 001 0011 01001 101110
  402: 0 00 001 0011 01001 101111
  403: 0 00 001 0011 01001 110000
  404: 0 00 001 0011 01001 110001
  405: 0 00 001 0011 01001 110010
  406: 0 00 001 0011 01001 110011
  407: 0 00 001 0011 01001 110100
  408: 0 00 001 0011 01001 110101
  409: 0 00 001 0011 01001 110110
  410: 0 00 001 0011 01001 110111
  411: 0 00 001 0011 01001 111100
  412: 0 00 001 0011 01001 111101
  413: 0 00 001 0011 01001 111110
  414: 0 00 001 0011 01001 111111
  415: 0 00 001 0011 01011 010111
  416: 0 00 001 0011 01011 011010
  417: 0 00 001 0011 01011 011011
  418: 0 00 001 0011 01011 011110
  419: 0 00 001 0011 01011 011111
  420: 0 00 001 0011 01011 100110
  421: 0 00 001 0011 01011 100111
  422: 0 00 001 0011 01011 101010
  423: 0 00 001 0011 01011 101011
  424: 0 00 001 0011 01011 101110
  425: 0 00 001 0011 01011 101111
  426: 0 00 001 0011 01011 110000
  427: 0 00 001 0011 01011 110001
  428: 0 00 001 0011 01011 110010
  429: 0 00 001 0011 01011 110011
  430: 0 00 001 0011 01011 110110
  431: 0 00 001 0011 01011 110111
  432: 0 00 001 0011 01011 111000
  433: 0 00 001 0011 01011 111001
  434: 0 00 001 0011 01011 111010
  435: 0 00 001 0011 01011 111011
  436: 0 00 001 0011 01011 111110
  437: 0 00 001 0011 01011 111111
  438: 0 00 001 0011 01111 011110
  439: 0 00 001 0011 01111 011111
  440: 0 00 001 0011 01111 101110
  441: 0 00 001 0011 01111 101111
  442: 0 00 001 0011 01111 110000
  443: 0 00 001 0011 01111 110001
  444: 0 00 001 0011 01111 110010
  445: 0 00 001 0011 01111 110011
  446: 0 00 001 0011 01111 110110
  447: 0 00 001 0011 01111 110111
  448: 0 00 001 0011 01111 111110
  449: 0 00 001 0011 01111 111111
  450: 0 00 001 0011 11000 110000
  451: 0 00 001 0011 11000 110001
  452: 0 00 001 0011 11000 110010
  453: 0 00 001 0011 11000 110011
  454: 0 00 001 0011 11000 110110
  455: 0 00 001 0011 11000 110111
  456: 0 00 001 0011 11000 111110
  457: 0 00 001 0011 11000 111111
  458: 0 00 001 0011 11001 110010
  459: 0 00 001 0011 11001 110011
  460: 0 00 001 0011 11001 110100
  461: 0 00 001 0011 11001 110101
  462: 0 00 001 0011 11001 110110
  463: 0 00 001 0011 11001 110111
  464: 0 00 001 0011 11001 111100
  465: 0 00 001 0011 11001 111101
  466: 0 00 001 0011 11001 111110
  467: 0 00 001 0011 11001 111111
  468: 0 00 001 0011 11011 110110
  469: 0 00 001 0011 11011 110111
  470: 0 00 001 0011 11011 111010
  471: 0 00 001 0011 11011 111011
  472: 0 00 001 0011 11011 111110
  473: 0 00 001 0011 11011 111111
  474: 0 00 001 0011 11111 111110
  475: 0 00 001 0011 11111 111111
  476: 0 00 001 0100 01111 011110
  477: 0 00 001 0100 01111 011111
  478: 0 00 001 0100 01111 100000
  479: 0 00 001 0100 01111 100001
  480: 0 00 001 0100 01111 100010
  481: 0 00 001 0100 01111 100011
  482: 0 00 001 0100 01111 100110
  483: 0 00 001 0100 01111 100111
  484: 0 00 001 0100 01111 101100
  485: 0 00 001 0100 01111 101101
  486: 0 00 001 0100 01111 101110
  487: 0 00 001 0100 01111 101111
  488: 0 00 001 0100 01111 111110
  489: 0 00 001 0100 01111 111111
  490: 0 00 001 0100 10000 111111
  491: 0 00 001 0100 10001 110000
  492: 0 00 001 0100 10001 110001
  493: 0 00 001 0100 10001 110011
  494: 0 00 001 0100 10001 110100
  495: 0 00 001 0100 10001 110101
  496: 0 00 001 0100 10001 110111
  497: 0 00 001 0100 10001 111100
  498: 0 00 001 0100 10001 111101
  499: 0 00 001 0100 10001 111111
  500: 0 00 001 0100 10011 101010
  501: 0 00 001 0100 10011 101011
  502: 0 00 001 0100 10011 101100
  503: 0 00 001 0100 10011 101101
  504: 0 00 001 0100 10011 101110
  505: 0 00 001 0100 10011 101111
  506: 0 00 001 0100 10011 111000
  507: 0 00 001 0100 10011 111001
  508: 0 00 001 0100 10011 111010
  509: 0 00 001 0100 10011 111011
  510: 0 00 001 0100 10011 111110
  511: 0 00 001 0100 10011 111111
  512: 0 00 001 0100 10110 101100
  513: 0 00 001 0100 10110 101101
  514: 0 00 001 0100 10110 101110
  515: 0 00 001 0100 10110 101111
  516: 0 00 001 0100 10110 110010
  517: 0 00 001 0100 10110 110011
  518: 0 00 001 0100 10110 110110
  519: 0 00 001 0100 10110 110111
  520: 0 00 001 0100 10110 111110
  521: 0 00 001 0100 10110 111111
  522: 0 00 001 0100 10111 101110
  523: 0 00 001 0100 10111 101111
  524: 0 00 001 0100 10111 110110
  525: 0 00 001 0100 10111 110111
  526: 0 00 001 0100 10111 111100
  527: 0 00 001 0100 10111 111101
  528: 0 00 001 0100 10111 111110
  529: 0 00 001 0100 10111 111111
  530: 0 00 001 0100 11111 111110
  531: 0 00 001 0100 11111 111111
  532: 0 00 001 0101 01100 011111
  533: 0 00 001 0101 01100 100110
  534: 0 00 001 0101 01100 100111
  535: 0 00 001 0101 01100 101101
  536: 0 00 001 0101 01100 101111
  537: 0 00 001 0101 01100 111111
  538: 0 00 001 0101 01101 011100
  539: 0 00 001 0101 01101 011101
  540: 0 00 001 0101 01101 011111
  541: 0 00 001 0101 01101 100110
  542: 0 00 001 0101 01101 100111
  543: 0 00 001 0101 01101 101100
  544: 0 00 001 0101 01101 101101
  545: 0 00 001 0101 01101 101111
  546: 0 00 001 0101 01101 110000
  547: 0 00 001 0101 01101 110001
  548: 0 00 001 0101 01101 110011
  549: 0 00 001 0101 01101 110100
  550: 0 00 001 0101 01101 110101
  551: 0 00 001 0101 01101 110110
  552: 0 00 001 0101 01101 110111
  553: 0 00 001 0101 01101 111100
  554: 0 00 001 0101 01101 111101
  555: 0 00 001 0101 01101 111111
  556: 0 00 001 0101 01111 011110
  557: 0 00 001 0101 01111 011111
  558: 0 00 001 0101 01111 100110
  559: 0 00 001 0101 01111 100111
  560: 0 00 001 0101 01111 101000
  561: 0 00 001 0101 01111 101001
  562: 0 00 001 0101 01111 101010
  563: 0 00 001 0101 01111 101011
  564: 0 00 001 0101 01111 101100
  565: 0 00 001 0101 01111 101101
  566: 0 00 001 0101 01111 101110
  567: 0 00 001 0101 01111 101111
  568: 0 00 001 0101 01111 111000
  569: 0 00 001 0101 01111 111001
  570: 0 00 001 0101 01111 111010
  571: 0 00 001 0101 01111 111011
  572: 0 00 001 0101 01111 111110
  573: 0 00 001 0101 01111 111111
  574: 0 00 001 0101 10011 111000
  575: 0 00 001 0101 10011 111001
  576: 0 00 001 0101 10011 111011
  577: 0 00 001 0101 10011 111111
  578: 0 00 001 0101 10100 110000
  579: 0 00 001 0101 10100 110001
  580: 0 00 001 0101 10100 110011
  581: 0 00 001 0101 10100 110100
  582: 0 00 001 0101 10100 110101
  583: 0 00 001 0101 10100 110110
  584: 0 00 001 0101 10100 110111
  585: 0 00 001 0101 10100 111100
  586: 0 00 001 0101 10100 111101
  587: 0 00 001 0101 10100 111111
  588: 0 00 001 0101 10101 110011
  589: 0 00 001 0101 10101 110100
  590: 0 00 001 0101 10101 110101
  591: 0 00 001 0101 10101 110110
  592: 0 00 001 0101 10101 110111
  593: 0 00 001 0101 10101 111100
  594: 0 00 001 0101 10101 111101
  595: 0 00 001 0101 10101 111111
  596: 0 00 001 0101 10110 101100
  597: 0 00 001 0101 10110 101101
  598: 0 00 001 0101 10110 101110
  599: 0 00 001 0101 10110 101111
  600: 0 00 001 0101 10110 110010
  601: 0 00 001 0101 10110 110011
  602: 0 00 001 0101 10110 110110
  603: 0 00 001 0101 10110 110111
  604: 0 00 001 0101 10110 111000
  605: 0 00 001 0101 10110 111001
  606: 0 00 001 0101 10110 111010
  607: 0 00 001 0101 10110 111011
  608: 0 00 001 0101 10110 111100
  609: 0 00 001 0101 10110 111101
  610: 0 00 001 0101 10110 111110
  611: 0 00 001 0101 10110 111111
  612: 0 00 001 0101 10111 101110
  613: 0 00 001 0101 10111 101111
  614: 0 00 001 0101 10111 110110
  615: 0 00 001 0101 10111 110111
  616: 0 00 001 0101 10111 111000
  617: 0 00 001 0101 10111 111001
  618: 0 00 001 0101 10111 111010
  619: 0 00 001 0101 10111 111011
  620: 0 00 001 0101 10111 111100
  621: 0 00 001 0101 10111 111101
  622: 0 00 001 0101 10111 111110
  623: 0 00 001 0101 10111 111111
  624: 0 00 001 0101 11100 111000
  625: 0 00 001 0101 11100 111001
  626: 0 00 001 0101 11100 111010
  627: 0 00 001 0101 11100 111011
  628: 0 00 001 0101 11100 111110
  629: 0 00 001 0101 11100 111111
  630: 0 00 001 0101 11101 111010
  631: 0 00 001 0101 11101 111011
  632: 0 00 001 0101 11101 111100
  633: 0 00 001 0101 11101 111101
  634: 0 00 001 0101 11101 111110
  635: 0 00 001 0101 11101 111111
  636: 0 00 001 0101 11111 111110
  637: 0 00 001 0101 11111 111111
  638: 0 00 001 0111 01110 011101
  639: 0 00 001 0111 01110 011111
  640: 0 00 001 0111 01110 101100
  641: 0 00 001 0111 01110 101101
  642: 0 00 001 0111 01110 101111
  643: 0 00 001 0111 01110 110000
  644: 0 00 001 0111 01110 110001
  645: 0 00 001 0111 01110 110011
  646: 0 00 001 0111 01110 110100
  647: 0 00 001 0111 01110 110101
  648: 0 00 001 0111 01110 110111
  649: 0 00 001 0111 01110 111100
  650: 0 00 001 0111 01110 111101
  651: 0 00 001 0111 01110 111111
  652: 0 00 001 0111 01111 011111
  653: 0 00 001 0111 01111 101100
  654: 0 00 001 0111 01111 101101
  655: 0 00 001 0111 01111 101111
  656: 0 00 001 0111 01111 110000
  657: 0 00 001 0111 01111 110001
  658: 0 00 001 0111 01111 110011
  659: 0 00 001 0111 01111 110100
  660: 0 00 001 0111 01111 110101
  661: 0 00 001 0111 01111 110111
  662: 0 00 001 0111 01111 111100
  663: 0 00 001 0111 01111 111101
  664: 0 00 001 0111 01111 111111
  665: 0 00 001 0111 10110 110000
  666: 0 00 001 0111 10110 110001
  667: 0 00 001 0111 10110 110011
  668: 0 00 001 0111 10110 110100
  669: 0 00 001 0111 10110 110101
  670: 0 00 001 0111 10110 110111
  671: 0 00 001 0111 10110 111100
  672: 0 00 001 0111 10110 111101
  673: 0 00 001 0111 10110 111111
  674: 0 00 001 0111 10111 110000
  675: 0 00 001 0111 10111 110001
  676: 0 00 001 0111 10111 110011
  677: 0 00 001 0111 10111 110100
  678: 0 00 001 0111 10111 110101
  679: 0 00 001 0111 10111 110111
  680: 0 00 001 0111 10111 111100
  681: 0 00 001 0111 10111 111101
  682: 0 00 001 0111 10111 111111
  683: 0 00 001 0111 11000 110001
  684: 0 00 001 0111 11000 110010
  685: 0 00 001 0111 11000 110011
  686: 0 00 001 0111 11000 110100
  687: 0 00 001 0111 11000 110101
  688: 0 00 001 0111 11000 110110
  689: 0 00 001 0111 11000 110111
  690: 0 00 001 0111 11000 111100
  691: 0 00 001 0111 11000 111101
  692: 0 00 001 0111 11000 111110
  693: 0 00 001 0111 11000 111111
  694: 0 00 001 0111 11001 110010
  695: 0 00 001 0111 11001 110011
  696: 0 00 001 0111 11001 110100
  697: 0 00 001 0111 11001 110101
  698: 0 00 001 0111 11001 110110
  699: 0 00 001 0111 11001 110111
  700: 0 00 001 0111 11001 111100
  701: 0 00 001 0111 11001 111101
  702: 0 00 001 0111 11001 111110
  703: 0 00 001 0111 11001 111111
  704: 0 00 001 0111 11010 110100
  705: 0 00 001 0111 11010 110101
  706: 0 00 001 0111 11010 110110
  707: 0 00 001 0111 11010 110111
  708: 0 00 001 0111 11010 111000
  709: 0 00 001 0111 11010 111001
  710: 0 00 001 0111 11010 111010
  711: 0 00 001 0111 11010 111011
  712: 0 00 001 0111 11010 111100
  713: 0 00 001 0111 11010 111101
  714: 0 00 001 0111 11010 111110
  715: 0 00 001 0111 11010 111111
  716: 0 00 001 0111 11011 110110
  717: 0 00 001 0111 11011 110111
  718: 0 00 001 0111 11011 111010
  719: 0 00 001 0111 11011 111011
  720: 0 00 001 0111 11011 111100
  721: 0 00 001 0111 11011 111101
  722: 0 00 001 0111 11011 111110
  723: 0 00 001 0111 11011 111111
  724: 0 00 001 0111 11110 111100
  725: 0 00 001 0111 11110 111101
  726: 0 00 001 0111 11110 111110
  727: 0 00 001 0111 11110 111111
  728: 0 00 001 0111 11111 111110
  729: 0 00 001 0111 11111 111111
  730: 0 00 001 1100 11000 110011
  731: 0 00 001 1100 11000 110111
  732: 0 00 001 1100 11000 111111
  733: 0 00 001 1100 11001 110011
  734: 0 00 001 1100 11001 110101
  735: 0 00 001 1100 11001 110111
  736: 0 00 001 1100 11001 111100
  737: 0 00 001 1100 11001 111101
  738: 0 00 001 1100 11001 111111
  739: 0 00 001 1100 11010 110111
  740: 0 00 001 1100 11010 111001
  741: 0 00 001 1100 11010 111010
  742: 0 00 001 1100 11010 111011
  743: 0 00 001 1100 11010 111101
  744: 0 00 001 1100 11010 111110
  745: 0 00 001 1100 11010 111111
  746: 0 00 001 1100 11011 110110
  747: 0 00 001 1100 11011 110111
  748: 0 00 001 1100 11011 111010
  749: 0 00 001 1100 11011 111011
  750: 0 00 001 1100 11011 111100
  751: 0 00 001 1100 11011 111101
  752: 0 00 001 1100 11011 111110
  753: 0 00 001 1100 11011 111111
  754: 0 00 001 1100 11110 111100
  755: 0 00 001 1100 11110 111101
  756: 0 00 001 1100 11110 111110
  757: 0 00 001 1100 11110 111111
  758: 0 00 001 1100 11111 111110
  759: 0 00 001 1100 11111 111111
  760: 0 00 001 1101 11010 110111
  761: 0 00 001 1101 11010 111000
  762: 0 00 001 1101 11010 111001
  763: 0 00 001 1101 11010 111011
  764: 0 00 001 1101 11010 111100
  765: 0 00 001 1101 11010 111101
  766: 0 00 001 1101 11010 111111
  767: 0 00 001 1101 11011 110111
  768: 0 00 001 1101 11011 111000
  769: 0 00 001 1101 11011 111001
  770: 0 00 001 1101 11011 111011
  771: 0 00 001 1101 11011 111100
  772: 0 00 001 1101 11011 111101
  773: 0 00 001 1101 11011 111111
  774: 0 00 001 1101 11100 111100
  775: 0 00 001 1101 11100 111101
  776: 0 00 001 1101 11100 111111
  777: 0 00 001 1101 11101 111100
  778: 0 00 001 1101 11101 111101
  779: 0 00 001 1101 11101 111111
  780: 0 00 001 1101 11110 111100
  781: 0 00 001 1101 11110 111101
  782: 0 00 001 1101 11110 111110
  783: 0 00 001 1101 11110 111111
  784: 0 00 001 1101 11111 111110
  785: 0 00 001 1101 11111 111111
  786: 0 00 001 1111 11110 111100
  787: 0 00 001 1111 11110 111101
  788: 0 00 001 1111 11110 111111
  789: 0 00 001 1111 11111 111111
  790: 0 00 011 0110 01111 011110
  791: 0 00 011 0110 01111 011111
  792: 0 00 011 0110 01111 101010
  793: 0 00 011 0110 01111 101011
  794: 0 00 011 0110 01111 101110
  795: 0 00 011 0110 01111 101111
  796: 0 00 011 0110 01111 111110
  797: 0 00 011 0110 01111 111111
  798: 0 00 011 0110 10101 101011
  799: 0 00 011 0110 10101 101100
  800: 0 00 011 0110 10101 101101
  801: 0 00 011 0110 10101 101110
  802: 0 00 011 0110 10101 101111
  803: 0 00 011 0110 10101 110100
  804: 0 00 011 0110 10101 110101
  805: 0 00 011 0110 10101 110110
  806: 0 00 011 0110 10101 110111
  807: 0 00 011 0110 10101 111110
  808: 0 00 011 0110 10101 111111
  809: 0 00 011 0110 10111 101110
  810: 0 00 011 0110 10111 101111
  811: 0 00 011 0110 10111 110110
  812: 0 00 011 0110 10111 110111
  813: 0 00 011 0110 10111 111010
  814: 0 00 011 0110 10111 111011
  815: 0 00 011 0110 10111 111110
  816: 0 00 011 0110 10111 111111
  817: 0 00 011 0110 11111 111110
  818: 0 00 011 0110 11111 111111
  819: 0 00 011 0111 01111 011111
  820: 0 00 011 0111 01111 101000
  821: 0 00 011 0111 01111 101001
  822: 0 00 011 0111 01111 101011
  823: 0 00 011 0111 01111 101111
  824: 0 00 011 0111 01111 111000
  825: 0 00 011 0111 01111 111001
  826: 0 00 011 0111 01111 111011
  827: 0 00 011 0111 01111 111111
  828: 0 00 011 0111 10100 101001
  829: 0 00 011 0111 10100 101011
  830: 0 00 011 0111 10100 101111
  831: 0 00 011 0111 10100 110001
  832: 0 00 011 0111 10100 110010
  833: 0 00 011 0111 10100 110011
  834: 0 00 011 0111 10100 110110
  835: 0 00 011 0111 10100 110111
  836: 0 00 011 0111 10100 111001
  837: 0 00 011 0111 10100 111010
  838: 0 00 011 0111 10100 111011
  839: 0 00 011 0111 10100 111110
  840: 0 00 011 0111 10100 111111
  841: 0 00 011 0111 10101 101101
  842: 0 00 011 0111 10101 101111
  843: 0 00 011 0111 10101 110010
  844: 0 00 011 0111 10101 110011
  845: 0 00 011 0111 10101 110100
  846: 0 00 011 0111 10101 110101
  847: 0 00 011 0111 10101 110110
  848: 0 00 011 0111 10101 110111
  849: 0 00 011 0111 10101 111000
  850: 0 00 011 0111 10101 111001
  851: 0 00 011 0111 10101 111010
  852: 0 00 011 0111 10101 111011
  853: 0 00 011 0111 10101 111100
  854: 0 00 011 0111 10101 111101
  855: 0 00 011 0111 10101 111110
  856: 0 00 011 0111 10101 111111
  857: 0 00 011 0111 10111 101111
  858: 0 00 011 0111 10111 110110
  859: 0 00 011 0111 10111 110111
  860: 0 00 011 0111 10111 111000
  861: 0 00 011 0111 10111 111001
  862: 0 00 011 0111 10111 111010
  863: 0 00 011 0111 10111 111011
  864: 0 00 011 0111 10111 111110
  865: 0 00 011 0111 10111 111111
  866: 0 00 011 0111 11100 111001
  867: 0 00 011 0111 11100 111010
  868: 0 00 011 0111 11100 111011
  869: 0 00 011 0111 11100 111110
  870: 0 00 011 0111 11100 111111
  871: 0 00 011 0111 11101 111010
  872: 0 00 011 0111 11101 111011
  873: 0 00 011 0111 11101 111100
  874: 0 00 011 0111 11101 111101
  875: 0 00 011 0111 11101 111110
  876: 0 00 011 0111 11101 111111
  877: 0 00 011 0111 11111 111110
  878: 0 00 011 0111 11111 111111
  879: 0 00 011 1010 11000 111111
  880: 0 00 011 1010 11001 111011
  881: 0 00 011 1010 11001 111100
  882: 0 00 011 1010 11001 111101
  883: 0 00 011 1010 11001 111111
  884: 0 00 011 1010 11011 111000
  885: 0 00 011 1010 11011 111001
  886: 0 00 011 1010 11011 111010
  887: 0 00 011 1010 11011 111011
  888: 0 00 011 1010 11011 111110
  889: 0 00 011 1010 11011 111111
  890: 0 00 011 1010 11100 111111
  891: 0 00 011 1010 11101 111011
  892: 0 00 011 1010 11101 111100
  893: 0 00 011 1010 11101 111101
  894: 0 00 011 1010 11101 111110
  895: 0 00 011 1010 11101 111111
  896: 0 00 011 1010 11111 111110
  897: 0 00 011 1010 11111 111111
  898: 0 00 011 1011 11011 111000
  899: 0 00 011 1011 11011 111001
  900: 0 00 011 1011 11011 111011
  901: 0 00 011 1011 11011 111111
  902: 0 00 011 1011 11100 111001
  903: 0 00 011 1011 11100 111010
  904: 0 00 011 1011 11100 111011
  905: 0 00 011 1011 11100 111110
  906: 0 00 011 1011 11100 111111
  907: 0 00 011 1011 11101 111010
  908: 0 00 011 1011 11101 111011
  909: 0 00 011 1011 11101 111100
  910: 0 00 011 1011 11101 111101
  911: 0 00 011 1011 11101 111110
  912: 0 00 011 1011 11101 111111
  913: 0 00 011 1011 11111 111110
  914: 0 00 011 1011 11111 111111
  915: 0 00 011 1110 11100 111111
  916: 0 00 011 1110 11101 111011
  917: 0 00 011 1110 11101 111100
  918: 0 00 011 1110 11101 111101
  919: 0 00 011 1110 11101 111111
  920: 0 00 011 1110 11110 111100
  921: 0 00 011 1110 11110 111101
  922: 0 00 011 1110 11110 111110
  923: 0 00 011 1110 11110 111111
  924: 0 00 011 1110 11111 111110
  925: 0 00 011 1110 11111 111111
  926: 0 00 011 1111 11110 111100
  927: 0 00 011 1111 11110 111101
  928: 0 00 011 1111 11110 111111
  929: 0 00 011 1111 11111 111111
  930: 0 00 111 1110 11100 111111
  931: 0 00 111 1110 11101 111011
  932: 0 00 111 1110 11101 111100
  933: 0 00 111 1110 11101 111101
  934: 0 00 111 1110 11101 111111
  935: 0 00 111 1110 11111 111110
  936: 0 00 111 1110 11111 111111
  937: 0 00 111 1111 11111 111111
  938: 0 01 011 0111 01111 011111
  939: 0 01 011 0111 01111 100000
  940: 0 01 011 0111 01111 100001
  941: 0 01 011 0111 01111 100011
  942: 0 01 011 0111 01111 100111
  943: 0 01 011 0111 01111 101111
  944: 0 01 011 0111 01111 111111
  945: 0 01 011 0111 10000 100001
  946: 0 01 011 0111 10000 100011
  947: 0 01 011 0111 10000 100111
  948: 0 01 011 0111 10000 101111
  949: 0 01 011 0111 10000 111111
  950: 0 01 011 0111 10001 100011
  951: 0 01 011 0111 10001 100101
  952: 0 01 011 0111 10001 100111
  953: 0 01 011 0111 10001 101101
  954: 0 01 011 0111 10001 101111
  955: 0 01 011 0111 10001 111100
  956: 0 01 011 0111 10001 111101
  957: 0 01 011 0111 10001 111110
  958: 0 01 011 0111 10001 111111
  959: 0 01 011 0111 10011 100111
  960: 0 01 011 0111 10011 101011
  961: 0 01 011 0111 10011 101111
  962: 0 01 011 0111 10011 111000
  963: 0 01 011 0111 10011 111001
  964: 0 01 011 0111 10011 111010
  965: 0 01 011 0111 10011 111011
  966: 0 01 011 0111 10011 111110
  967: 0 01 011 0111 10011 111111
  968: 0 01 011 0111 10111 101111
  969: 0 01 011 0111 10111 110110
  970: 0 01 011 0111 10111 110111
  971: 0 01 011 0111 10111 111110
  972: 0 01 011 0111 10111 111111
  973: 0 01 011 0111 11111 111110
  974: 0 01 011 0111 11111 111111
  975: 0 01 011 1000 10001 111111
  976: 0 01 011 1000 10011 111010
  977: 0 01 011 1000 10011 111011
  978: 0 01 011 1000 10011 111111
  979: 0 01 011 1000 10111 110110
  980: 0 01 011 1000 10111 110111
  981: 0 01 011 1000 10111 111110
  982: 0 01 011 1000 10111 111111
  983: 0 01 011 1000 11111 111110
  984: 0 01 011 1000 11111 111111
  985: 0 01 011 1001 10101 110011
  986: 0 01 011 1001 10101 110110
  987: 0 01 011 1001 10101 110111
  988: 0 01 011 1001 10101 111111
  989: 0 01 011 1001 10111 110110
  990: 0 01 011 1001 10111 110111
  991: 0 01 011 1001 10111 111010
  992: 0 01 011 1001 10111 111011
  993: 0 01 011 1001 10111 111111
  994: 0 01 011 1001 11100 111011
  995: 0 01 011 1001 11100 111111
  996: 0 01 011 1001 11101 111011
  997: 0 01 011 1001 11101 111100
  998: 0 01 011 1001 11101 111101
  999: 0 01 011 1001 11101 111110
 1000: 0 01 011 1001 11101 111111
 1001: 0 01 011 1001 11110 111111
 1002: 0 01 011 1001 11111 111110
 1003: 0 01 011 1001 11111 111111
 1004: 0 01 011 1011 10111 110101
 1005: 0 01 011 1011 10111 110111
 1006: 0 01 011 1011 10111 111111
 1007: 0 01 011 1011 11010 111001
 1008: 0 01 011 1011 11010 111011
 1009: 0 01 011 1011 11010 111101
 1010: 0 01 011 1011 11010 111111
 1011: 0 01 011 1011 11011 111011
 1012: 0 01 011 1011 11011 111100
 1013: 0 01 011 1011 11011 111101
 1014: 0 01 011 1011 11011 111111
 1015: 0 01 011 1011 11110 111101
 1016: 0 01 011 1011 11110 111110
 1017: 0 01 011 1011 11110 111111
 1018: 0 01 011 1011 11111 111110
 1019: 0 01 011 1011 11111 111111
 1020: 0 01 011 1111 11110 111101
 1021: 0 01 011 1111 11110 111111
 1022: 0 01 011 1111 11111 111111
 1023: 0 01 100 1111 11110 111101
 1024: 0 01 100 1111 11110 111111
 1025: 0 01 100 1111 11111 111111
 1026: 0 01 101 1100 11111 111110
 1027: 0 01 101 1100 11111 111111
 1028: 0 01 101 1101 11100 111111
 1029: 0 01 101 1101 11101 111100
 1030: 0 01 101 1101 11101 111101
 1031: 0 01 101 1101 11101 111111
 1032: 0 01 101 1101 11111 111110
 1033: 0 01 101 1101 11111 111111
 1034: 0 01 101 1111 11110 111101
 1035: 0 01 101 1111 11110 111111
 1036: 0 01 101 1111 11111 111111
 1037: 0 01 111 1110 11101 111111
 1038: 0 01 111 1110 11111 111110
 1039: 0 01 111 1110 11111 111111
 1040: 0 01 111 1111 11111 111111
 1041: 0 11 110 1111 11110 111111
 1042: 0 11 110 1111 11111 111111
 1043: 0 11 111 1111 11111 111111
 1044: 1 11 111 1111 11111 111111
Total number of minimal graphs: 1044
