    1: 0 00 000 0000 00000
    2: 0 00 000 0000 00001
    3: 0 00 000 0000 00011
    4: 0 00 000 0000 00111
    5: 0 00 000 0000 01111
    6: 0 00 000 0000 11111
    7: 0 00 000 0001 00011
    8: 0 00 000 0001 00100
    9: 0 00 000 0001 00101
   10: 0 00 000 0001 00111
   11: 0 00 000 0001 01100
   12: 0 00 000 0001 01101
   13: 0 00 000 0001 01111
   14: 0 00 000 0001 11100
   15: 0 00 000 0001 11101
   16: 0 00 000 0001 11111
   17: 0 00 000 0011 00110
   18: 0 00 000 0011 00111
   19: 0 00 000 0011 01010
   20: 0 00 000 0011 01011
   21: 0 00 000 0011 01110
   22: 0 00 000 0011 01111
   23: 0 00 000 0011 11000
   24: 0 00 000 0011 11001
   25: 0 00 000 0011 11010
   26: 0 00 000 0011 11011
   27: 0 00 000 0011 11110
   28: 0 00 000 0011 11111
   29: 0 00 000 0111 01110
   30: 0 00 000 0111 01111
   31: 0 00 000 0111 10110
   32: 0 00 000 0111 10111
   33: 0 00 000 0111 11110
   34: 0 00 000 0111 11111
   35: 0 00 000 1111 11110
   36: 0 00 000 1111 11111
   37: 0 00 001 0011 00111
   38: 0 00 001 0011 01000
   39: 0 00 001 0011 01001
   40: 0 00 001 0011 01011
   41: 0 00 001 0011 01111
   42: 0 00 001 0011 11000
   43: 0 00 001 0011 11001
   44: 0 00 001 0011 11011
   45: 0 00 001 0011 11111
   46: 0 00 001 0100 01111
   47: 0 00 001 0100 10000
   48: 0 00 001 0100 10001
   49: 0 00 001 0100 10011
   50: 0 00 001 0100 10110
   51: 0 00 001 0100 10111
   52: 0 00 001 0100 11111
   53: 0 00 001 0101 01100
   54: 0 00 001 0101 01101
   55: 0 00 001 0101 01111
   56: 0 00 001 0101 10011
   57: 0 00 001 0101 10100
   58: 0 00 001 0101 10101
   59: 0 00 001 0101 10110
   60: 0 00 001 0101 10111
   61: 0 00 001 0101 11100
   62: 0 00 001 0101 11101
   63: 0 00 001 0101 11111
   64: 0 00 001 0111 01110
   65: 0 00 001 0111 01111
   66: 0 00 001 0111 10110
   67: 0 00 001 0111 10111
   68: 0 00 001 0111 11000
   69: 0 00 001 0111 11001
   70: 0 00 001 0111 11010
   71: 0 00 001 0111 11011
   72: 0 00 001 0111 11110
   73: 0 00 001 0111 11111
   74: 0 00 001 1100 11000
   75: 0 00 001 1100 11001
   76: 0 00 001 1100 11010
   77: 0 00 001 1100 11011
   78: 0 00 001 1100 11110
   79: 0 00 001 1100 11111
   80: 0 00 001 1101 11010
   81: 0 00 001 1101 11011
   82: 0 00 001 1101 11100
   83: 0 00 001 1101 11101
   84: 0 00 001 1101 11110
   85: 0 00 001 1101 11111
   86: 0 00 001 1111 11110
   87: 0 00 001 1111 11111
   88: 0 00 011 0110 01111
   89: 0 00 011 0110 10101
   90: 0 00 011 0110 10111
   91: 0 00 011 0110 11111
   92: 0 00 011 0111 01111
   93: 0 00 011 0111 10100
   94: 0 00 011 0111 10101
   95: 0 00 011 0111 10111
   96: 0 00 011 0111 11100
   97: 0 00 011 0111 11101
   98: 0 00 011 0111 11111
   99: 0 00 011 1010 11000
  100: 0 00 011 1010 11001
  101: 0 00 011 1010 11011
  102: 0 00 011 1010 11100
  103: 0 00 011 1010 11101
  104: 0 00 011 1010 11111
  105: 0 00 011 1011 11011
  106: 0 00 011 1011 11100
  107: 0 00 011 1011 11101
  108: 0 00 011 1011 11111
  109: 0 00 011 1110 11100
  110: 0 00 011 1110 11101
  111: 0 00 011 1110 11110
  112: 0 00 011 1110 11111
  113: 0 00 011 1111 11110
  114: 0 00 011 1111 11111
  115: 0 00 111 1110 11100
  116: 0 00 111 1110 11101
  117: 0 00 111 1110 11111
  118: 0 00 111 1111 11111
  119: 0 01 011 0111 01111
  120: 0 01 011 0111 10000
  121: 0 01 011 0111 10001
  122: 0 01 011 0111 10011
  123: 0 01 011 0111 10111
  124: 0 01 011 0111 11111
  125: 0 01 011 1000 10001
  126: 0 01 011 1000 10011
  127: 0 01 011 1000 10111
  128: 0 01 011 1000 11111
  129: 0 01 011 1001 10101
  130: 0 01 011 1001 10111
  131: 0 01 011 1001 11100
  132: 0 01 011 1001 11101
  133: 0 01 011 1001 11110
  134: 0 01 011 1001 11111
  135: 0 01 011 1011 10111
  136: 0 01 011 1011 11010
  137: 0 01 011 1011 11011
  138: 0 01 011 1011 11110
  139: 0 01 011 1011 11111
  140: 0 01 011 1111 11110
  141: 0 01 011 1111 11111
  142: 0 01 100 1111 11110
  143: 0 01 100 1111 11111
  144: 0 01 101 1100 11111
  145: 0 01 101 1101 11100
  146: 0 01 101 1101 11101
  147: 0 01 101 1101 11111
  148: 0 01 101 1111 11110
  149: 0 01 101 1111 11111
  150: 0 01 111 1110 11101
  151: 0 01 111 1110 11111
  152: 0 01 111 1111 11111
  153: 0 11 110 1111 11110
  154: 0 11 110 1111 11111
  155: 0 11 111 1111 11111
  156: 1 11 111 1111 11111
Total number of minimal graphs: 156
